dblp_2006_2010_205_papers.xml

0: [0, 1]
1: [2, 3, 4]
2: [5, 6]
3: [7, 8, 9, 10, 11, 12]
4: [13, 14, 15, 0]
5: [16, 14, 17]
6: [17, 13, 18]
7: [18, 13, 17]
8: [19, 17, 13]
9: [14, 16, 17]
10: [20, 21, 12, 22]
11: [23, 24, 12, 25]
12: [26, 27, 28, 29]
13: [30, 5, 28, 6, 29]
14: [29]
15: [5, 31]
16: [32, 5, 29, 28]
17: [33, 34, 35, 36, 12]
18: [37, 0, 38, 39]
19: [40, 41, 38, 6, 42, 43]
20: [5, 44, 45, 46, 47, 48, 0]
21: [49, 29, 50, 28]
22: [51, 52, 53, 38, 0]
23: [54, 6, 55]
24: [5, 6, 29]
25: [38, 6, 30, 56, 57, 58]
26: [29]
27: [59, 60, 61, 62, 63, 29]
28: [64, 65, 5, 66, 67, 68, 69, 70, 6, 29]
29: [26, 27, 28, 29]
30: [13, 71, 72, 73, 74, 75, 1, 76, 77, 78, 0, 79, 38, 80, 81, 82]
31: [5]
32: [83, 78, 44, 46, 0]
33: [84, 85, 86, 0]
34: [1, 0, 87, 13, 72, 75, 88, 89, 79, 38, 81, 90, 91, 44, 92, 93]
35: [1, 0, 72, 75, 94, 79, 81]
36: [1, 0, 12]
37: [95, 38, 0, 1, 46]
38: [5, 29, 6, 28, 30]
39: [96, 29, 28, 97]
40: [38, 29, 5]
41: [96, 28, 29]
42: [30, 5, 32, 29, 28, 98, 6]
43: [99, 22, 12, 100]
44: [101, 102, 103, 22, 12]
45: [104, 12, 105]
46: [102, 103, 22, 12]
47: [102, 22, 12]
48: [36, 13, 12]
49: [40, 41, 106, 38, 6, 42, 43]
50: [49, 29, 50, 107, 28, 108]
51: [45, 109, 38, 13, 0]
52: [110, 14, 17]
53: [14, 18, 17]
54: [111, 112, 34, 35, 113, 33, 114, 115, 116, 117, 36, 12]
55: [118, 29, 50, 28, 119, 120]
56: [29, 121, 122, 123]
57: [45, 109, 38, 13, 0, 124]
58: [94, 125, 126, 127, 0]
59: [27, 26, 128, 28, 29]
60: [118, 29, 50, 28, 119, 120]
61: [129, 130, 29]
62: [131, 6]
63: [6, 131, 132]
64: [5]
65: [133, 13, 5, 6]
66: [126, 134, 135, 136, 137, 38, 138, 0, 139]
67: [38, 5, 93, 91, 0]
68: [38, 6, 140]
69: [38, 141, 93, 0, 142]
70: [93, 0, 12]
71: [143, 6, 38]
72: [51, 38, 52, 53, 144, 0]
73: [44, 145, 146, 58, 12]
74: [147, 22, 12, 148, 149, 150, 151]
75: [152, 153, 7, 149, 154, 12, 11, 155, 156]
76: [149, 147, 157, 22, 12, 150]
77: [102, 158, 22, 12]
78: [36, 13, 12]
79: [159, 13, 12]
80: [22, 12]
81: [22, 12, 147]
82: [12, 145, 83]
83: [12, 160]
84: [12, 161, 162]
85: [163, 164, 29]
86: [30, 5, 29, 165, 28, 6]
87: [166, 29, 62]
88: [38, 29, 61]
89: [167, 131, 6]
90: [13, 17, 18]
91: [5, 6, 29, 12, 0]
92: [168, 169, 170, 38, 0, 171]
93: [36, 13, 12]
94: [172, 11, 12]
95: [38, 44, 47, 61, 13, 5, 173, 0]
96: [17, 13, 18]
97: [174, 17]
98: [19, 17, 13]
99: [38, 6, 56, 40, 41]
100: [27, 26, 128, 28, 29]
101: [30, 29]
102: [38, 175, 80, 176, 84, 77, 48, 46, 0]
103: [104, 177, 12, 105]
104: [178, 179, 180, 12, 145, 181]
105: [36, 149, 102, 182, 80, 183, 12, 44]
106: [131, 6]
107: [38, 6, 56, 40, 41]
108: [184, 4, 185, 186, 187, 188]
109: [16, 14, 17]
110: [189, 4, 17]
111: [189, 4, 17]
112: [189, 4, 17]
113: [4, 12, 184, 190]
114: [18, 13, 17]
115: [18, 17]
116: [18, 17, 13]
117: [14, 191, 17]
118: [83, 44, 12]
119: [14, 4, 12, 17]
120: [161, 12]
121: [0, 12, 7, 44, 192]
122: [42, 29, 38, 6, 30, 41, 193, 40]
123: [12, 93, 0]
124: [5, 194, 29]
125: [195, 62, 29, 63]
126: [62, 196, 197, 29, 198]
127: [100, 199, 99, 200, 12, 201, 202, 203]
.
----------------------------------------------------------------------
Ran 1 test in 0.130s

OK
128: [158, 100, 203, 12]
129: [204, 205, 12, 206, 207, 208, 209]
130: [210, 211, 30, 212, 59, 213, 29]
131: [60, 210, 211, 214, 109, 213, 29]
132: [60, 215, 216, 217, 218, 59, 212, 219, 213, 220, 198, 29]
133: [61, 221, 222, 223, 175, 80, 224, 46, 225, 0, 213, 198]
134: [61, 195, 60, 62, 59, 226, 227, 228, 229, 197, 196, 230, 231, 232, 233, 0, 234, 198, 235, 63, 29]
135: [236, 237, 238, 239, 48, 44, 0, 240, 241, 242]
136: [112, 33, 111, 114, 116, 34, 115, 36, 117, 12, 35, 113]
137: [62, 243, 209, 244, 198, 29]
138: [176, 245, 84, 175, 246, 247, 0]
139: [109, 45, 0]
140: [14, 17, 191, 248]
141: [249, 250, 251, 22, 0, 252]
142: [253, 107, 254, 255, 256, 257, 0, 258, 259, 260]
143: [94, 88, 83, 47, 44, 1, 0]
144: [49, 29, 50, 107, 28, 108]
145: [259, 138, 126, 261, 136, 262, 263, 264, 265, 266, 267, 107, 268, 247, 269, 270, 271, 272, 253, 0, 273, 274, 275, 276, 277, 278, 279, 280, 108, 281, 282, 283, 260, 169, 284, 285, 286, 287, 288, 289, 171, 290, 291, 292, 12, 95, 293, 294, 93, 295]
146: [296, 56, 297, 298, 299, 300, 0, 94, 7, 301, 61, 145, 225, 302, 12, 303, 304]
147: [29]
148: [40, 38, 6, 41, 56]
149: [1, 0, 87, 13, 72, 75, 88, 7, 79, 81, 305, 306, 307]
150: [308, 29, 119, 120]
151: [176, 38, 247, 245, 1, 0]
152: [304, 0, 94, 145, 281, 309, 109, 259]
153: [85, 310, 84, 86, 0, 22, 311, 312, 313]
154: [93, 0, 12, 95]
155: [36, 149, 102, 182, 80, 183, 12, 44]
156: [29, 314, 49, 28, 50]
157: [158, 304, 0, 12]
158: [118, 50, 29, 28]
159: [118, 119, 29, 50, 28, 120]
160: [83, 78, 44, 46, 0, 5, 38]
161: [94, 125, 126, 127, 0]
162: [97, 315, 316, 28, 29, 50, 120]
163: [1, 0, 12]
164: [124, 45, 0, 317]
165: [44, 109, 7, 304, 145, 318, 0]
166: [191, 14, 17]
167: [12, 158, 44, 11, 147, 149, 22]
168: [13, 14, 12, 36, 15]
169: [38, 109, 45, 77, 0]
170: [0, 12]
171: [319, 320, 38, 0]
172: [6, 38, 321, 56, 40]
173: [322, 323, 324, 30, 325, 326, 70, 327, 213, 29]
174: [17, 14, 0]
175: [328, 329, 0, 330]
176: [94, 61, 0]
177: [72, 47, 331, 332, 333, 91, 44, 87, 12, 173, 192, 0]
178: [0, 72, 87, 75, 79, 81, 334, 13, 91, 61, 1]
179: [7, 44, 12, 0, 225, 61, 46]
180: [66, 5, 335, 6, 29, 0, 213, 12, 64, 68, 69, 336, 337, 338, 339, 340, 341, 70]
181: [189, 4, 17]
182: [342, 343, 29, 344, 345, 346, 347, 348]
183: [1, 0]
184: [17, 19, 12]
185: [4, 12, 188, 184]
186: [349, 212, 29]
187: [328, 329, 0]
188: [17, 13]
189: [4, 184, 188]
190: [14, 12, 17, 0]
191: [184, 350, 351, 4, 352, 188]
192: [5, 6, 29, 12, 0]
193: [17]
194: [17, 14, 0]
195: [4, 12, 184, 190, 353]
196: [29, 130, 354, 121, 122, 123, 129, 28]
197: [45, 109, 355, 38, 13, 0]
198: [17, 14]
199: [13, 29]
200: [12, 145]
201: [204, 356, 357, 145, 12, 45, 358]
202: [1, 0]
203: [17, 14]
204: [4, 18, 19]