dblp_2000_2005_114_papers.xml
=============================

0: [0, 1, 2, 3]
1: [4, 5, 6, 7]
2: [5, 8, 6, 7]
3: [7]
4: [1, 9, 10, 11, 12, 13, 14, 15, 16, 17, 18]
5: [19, 7]
6: [7, 20, 4, 21, 5, 22, 23]
7: [24, 25, 1]
8: [1, 9, 26]
9: [24, 25, 1]
10: [27, 1, 9, 28]
11: [7]
12: [27, 24, 25, 1]
13: [4, 7]
14: [29, 7, 30]
15: [7, 21, 31, 23]
16: [5, 8, 4, 7]
17: [12, 10, 11, 1, 17, 15, 9, 14]
18: [1, 32, 33, 34]
19: [1, 35, 36, 37]
20: [7, 5]
21: [5, 8, 38, 7, 39]
22: [1]
23: [40, 31, 7]
24: [41, 24, 25, 1]
25: [24, 25, 1, 42, 43]
26: [1, 44, 45, 9, 46]
27: [47, 1, 44, 48]
28: [22, 20, 49, 7, 50, 51, 52, 53]
29: [22, 20, 7]
30: [24, 25, 1, 54]
31: [47, 1, 44, 55, 9, 56]
32: [47, 1, 9, 12, 10]
33: [57, 58, 7, 59, 5]
34: [4, 6, 7]
35: [19, 7, 5]
36: [29, 7, 30]
37: [60, 61, 62, 8, 7, 63, 64, 21]
38: [7, 65, 66, 67, 29, 68, 69, 70]
39: [21, 7, 30]
40: [71, 72, 4, 7, 6]
41: [73, 8, 7, 74]
42: [23, 7]
43: [23, 21, 7, 30]
44: [75, 7, 31]
45: [19, 7, 5, 76, 77]
46: [19, 7, 23]
47: [7]
48: [5, 7]
49: [10, 1, 9, 28]
50: [10, 1, 9, 28]
51: [19, 7]
52: [20, 7, 50, 22]
53: [49, 7, 21, 78, 31]
54: [40, 7, 31]
55: [27, 1, 26]
56: [24, 25, 1, 41]
57: [47, 1, 44, 9, 56]
58: [47, 1, 44, 48]
59: [4, 5, 6, 7]
60: [34, 1, 79, 33]
61: [7, 21, 80, 23]
62: [56, 1, 47, 9, 44]
63: [22, 20, 49, 7, 50, 51, 52, 53]
64: [22, 20, 7]
65: [22, 20, 7, 50]
66: [4, 7]
67: [4, 7, 81]
68: [81, 4, 7]
69: [82, 83, 8, 67, 1, 84, 63, 60, 85, 86, 87, 88, 7, 89, 90, 91, 92, 93, 94, 95, 96, 97, 98, 99, 100, 101, 62, 61, 102]
70: [27, 1, 26]
71: [1, 9, 10]
72: [82, 83, 8, 67, 1, 84, 63, 60, 85, 86, 87, 88, 7, 89, 90, 91, 92, 93, 94, 95, 96, 97, 98, 99, 100, 101, 62, 61, 102]
73: [47, 1, 44, 9, 56]
74: [7]
75: [21, 7, 30]
76: [7, 5, 8]
77: [1, 9, 36]
78: [27, 1, 26]
79: [7, 103, 104, 105]
80: [106, 7, 107]
81: [90, 94, 82, 108, 109, 110, 7, 111, 112, 96, 62]
82: [47, 1, 44, 9, 56]
83: [1, 35, 36, 37]
84: [4, 6, 7]
85: [7]
86: [19, 5, 7]
87: [8, 7, 113]
88: [27, 1]
89: [1, 114, 115, 116, 117, 100, 118]
90: [4, 7, 81]
91: [4, 81, 7]
92: [60, 7, 94]
93: [7]
94: [7]
95: [119, 1, 120, 121, 122, 123]
96: [23, 21, 5, 7, 31, 124, 19, 125, 126, 80]
97: [36, 28, 1, 9]
98: [1, 127, 26, 128]
99: [7, 21, 5, 80, 31, 23]
100: [24, 25, 1]
101: [56, 47, 1, 44, 9]
102: [27, 129, 1, 130, 26]
103: [131, 1, 100]
104: [27, 1, 26]
105: [75, 7, 31]
106: [4, 5, 71, 6, 7]
107: [7]
108: [7]
109: [7, 21, 31, 23]
110: [21, 7, 30]
111: [113, 7]
112: [21, 7, 80, 23]
113: [22, 20, 7]