dblp_curated_sample.xml
=======================

0: [0, 1]
1: [2, 0, 3]
2: [0, 4]
3: [5, 6, 7]
4: [8, 9, 10]
5: [10, 8]
6: [0, 11]
7: [12, 0, 13]
8: [14, 0, 15, 16]
9: [0]
10: [17, 18]
11: [19, 0, 20, 21]
12: [0, 13]
13: [22, 0, 11, 23]
14: [24, 0, 25, 26, 27, 28]
15: [0, 1, 20, 29]
16: [30, 0]
17: [30, 0]
18: [30, 0]
19: [30, 0]
20: [31, 32]
21: [31]
22: [0, 33, 29]
23: [34, 35, 6]
24: [36, 10, 37]
25: [18, 8]
26: [10]
27: [10, 36, 37]
28: [10, 38]
29: [39, 40, 41, 42, 31]
30: [5, 43, 44, 6]
31: [45, 46, 47, 31]
32: [48, 49, 50]
33: [51, 52, 18]
34: [53, 18]
35: [53, 54, 55]
36: [56, 57, 58, 59, 32, 31]
37: [60, 56, 61, 62, 57, 32, 31]
38: [63, 64, 65, 66, 67, 45]
39: [43, 68, 44, 6]
40: [69, 18, 70, 71]
41: [69, 18, 70, 72, 73]
42: [74, 0, 75, 20]
43: [42, 76, 77, 31]
44: [78, 45, 79, 80]
45: [81, 82, 83, 70]
46: [6]
47: [84, 76, 85]
48: [86, 87, 45]
49: [85, 42, 88]
50: [85, 31, 45, 76]
51: [85, 89]
52: [88, 42, 85]
53: [90, 85]
54: [91, 85, 42]
55: [76, 84, 85]
56: [76, 45, 31, 92]
57: [93, 94, 45, 80]
58: [95, 10, 31]
59: [96, 97, 10]
60: [98, 99, 45, 100]
61: [53, 54, 55]
62: [53, 54, 55]
63: [0]
64: [0]
65: [0, 101]
66: [102, 10, 103, 31, 104, 105, 106, 107, 108, 109]
67: [47, 110, 111, 112, 113, 31]
68: [34, 35, 6]
69: [114, 115, 116, 10]
70: [117, 18]
71: [0]
72: [38, 18]
73: [38, 10]
74: [36, 10, 37, 116]
75: [18, 8]
76: [116, 118, 10, 37]
77: [119, 51, 18, 120]
78: [115, 121, 122, 114, 116, 10]
79: [31, 123]
80: [124, 10, 116, 125]
81: [8, 126, 127, 18]
82: [97, 10, 116, 128, 129]
83: [130, 31, 80]
84: [131, 53, 116, 18, 10]
85: [131, 10]
86: [10]
87: [10, 132]
88: [10, 37, 133, 134, 36, 135]
89: [10, 136, 137]
90: [6]
91: [138, 97, 139, 10, 140, 141]
92: [85, 45, 31]
93: [142, 143, 2, 70]
94: [53, 144]
95: [145, 0, 146, 33, 147, 148, 29, 149]
96: [0, 1]
97: [0, 144]
98: [38, 10]
99: [18, 51]
100: [18, 51, 120, 150]
101: [151, 53, 10, 116]
102: [51, 152, 119, 18, 120]
103: [153, 154, 155, 156, 45]
104: [157, 31, 70, 158]
105: [159, 160, 70, 18, 161, 162]
106: [53, 163, 164, 165, 166, 167, 31]
107: [168, 10, 125, 116]
108: [169, 170, 31, 171, 172, 173, 174, 175, 32, 176, 177, 178, 179, 180, 181, 47, 182, 183, 184, 10, 87, 185, 186, 187, 188, 189, 190, 45, 191, 192, 46]
109: [193, 194, 195, 70, 31]
110: [53, 10, 116, 131, 18]
111: [0, 1, 196, 197, 198, 199, 200, 201, 202, 203, 204]
112: [205, 6]
113: [6, 206, 5, 7, 43, 207, 208]
114: [43, 209, 210, 6]
115: [43, 211, 35, 6, 212, 213, 214]
116: [215, 216, 45]
117: [217, 6, 218, 219, 43, 220, 221]
118: [222, 18, 191]
119: [223, 224, 80, 31, 225]
120: [53, 54, 55]
121: [31]
122: [94, 31, 226]
123: [94, 31, 226]
124: [0, 1, 20, 29]
125: [116, 118, 10, 37, 36, 227, 228]
126: [6, 229, 230]
127: [231, 10, 116]
128: [145, 0, 232]
129: [228, 10, 37, 116, 118, 36]
130: [119, 51, 18, 120]
131: [233, 10, 234, 235, 31, 107]
132: [119, 51, 18, 120, 152]
133: [8, 159, 236, 120, 237, 238, 239, 240, 241, 242, 243, 244, 18, 245, 246, 247, 126, 248, 249, 250, 51, 251]
134: [53, 18, 10]
135: [252, 10, 18]
136: [70, 18, 131, 171, 253, 107]
137: [10]
138: [254, 255, 180, 256, 257, 10]
139: [258, 259, 53, 260, 246, 261, 262, 263, 18, 10]
140: [42, 31]
141: [42, 66, 31, 45]
142: [31]
143: [264, 67, 31]
144: [265, 31, 266]
145: [267, 268, 10, 31]
146: [269, 270, 10]
147: [124, 271, 10, 125, 116, 272]
148: [114, 115, 116, 10]
149: [231, 116, 10]
150: [36, 10, 37, 116, 118]
151: [18, 8]
152: [70, 273]
153: [10, 38]
154: [42, 274, 275, 276, 277, 278, 32, 279, 280, 281, 31, 282, 70, 283, 284, 285]
155: [53]
156: [53, 31, 286, 32]
157: [281, 31, 287, 288]
158: [289, 290, 53, 164, 291, 31]
159: [292, 281, 163, 165, 31]
160: [31]
161: [293, 223, 224, 31]
162: [32, 31, 294, 42, 275, 278, 295, 296, 282, 70, 284, 297, 298, 163, 299, 288]
163: [32, 31, 275, 278, 264, 282, 284]
164: [32, 31, 45]
165: [300, 70, 31, 32, 165]
166: [163, 184, 31, 176, 46, 47, 178, 45]
167: [301, 283, 31, 302, 303, 304]
168: [288, 305, 53, 287, 306, 307, 308, 298, 32, 31]
169: [309, 310, 311, 31]
170: [31, 32]
171: [80, 31, 77, 312, 313, 314, 315]
172: [316, 317, 1, 0, 318]
173: [174, 319, 124, 10, 272, 116, 320]
174: [321, 322, 0, 323]
175: [53, 10, 18, 116, 131]
176: [322, 324, 0]
177: [22, 0, 11, 23]
178: [0, 146, 33, 325, 148, 29, 28]
179: [0, 1, 20]
180: [326, 10, 116, 327]
181: [31, 328]
182: [31, 329, 328, 330, 331, 332]
183: [8, 333, 10]
184: [6]
185: [334, 18]
186: [335, 70, 116, 336, 337]
187: [338, 339, 0]
188: [70, 10, 53]
189: [34, 35, 6]
190: [322, 324, 0]
191: [326, 116, 10]
192: [131, 53, 151, 10, 116, 340, 18]
193: [0, 33, 341]
194: [293, 223, 342, 31]
195: [174, 319, 10, 116, 272, 178, 179, 184, 343]
196: [344, 70, 345, 346, 2]
197: [96, 10]
198: [347, 80, 45, 348]
199: [216, 349, 350, 80, 45]
200: [80, 351, 352, 353, 354, 45, 355, 46]
201: [74, 0, 20]
202: [356, 0, 1, 357]
203: [22, 0, 11, 23]
204: [0, 358, 359, 360]
205: [97, 116, 10, 361, 362, 363]
206: [6]
207: [70, 159, 18, 160, 171, 161, 162]
208: [364, 45, 365]
209: [321, 322, 0, 358, 323]
210: [0, 144, 358]
211: [311, 47, 366, 10, 31]
212: [122, 367, 368, 369, 370, 371, 372, 373, 115, 116, 10, 164, 374, 32, 375, 376]
213: [6]
214: [349, 350, 80, 45]
215: [349, 80, 45]
216: [156, 42, 45]
217: [47, 290, 46, 31]
218: [377, 42, 45]
219: [159, 160, 378, 70, 18, 161, 162]
220: [379, 271, 10, 272]
221: [271, 272, 379, 10]
222: [380, 381, 31, 382, 186, 383, 384, 385]
223: [171, 46, 45, 31, 173]
224: [358, 0, 321, 322, 324]
225: [18]
226: [10]
227: [6]
228: [168, 10, 125, 386, 116, 387]
229: [164, 290, 70, 42, 31]
230: [50, 388]
231: [97, 10, 31, 266]
232: [381, 389, 380, 390, 391, 392, 393, 394, 31, 395, 382, 396, 397, 398, 399, 400]
233: [31, 85, 45]
234: [85, 31, 45]
235: [85, 76, 31, 45]
236: [401, 76, 85]
237: [76, 88, 85]
238: [144, 0, 402, 403]
239: [144, 0, 404, 403, 405, 406, 358, 407]
240: [408, 409, 154, 155, 410, 153, 411, 412, 413, 414, 156, 45]
241: [31]
242: [124, 10, 125, 116, 271, 272]
243: [10, 415, 416, 417]
244: [418, 86, 366, 45, 419]
245: [122, 420, 114, 421, 422, 423, 424, 31, 425, 426, 427, 87, 428, 429, 430, 431]
246: [156, 292, 419, 45]
247: [156, 352, 349, 432, 283, 433, 163, 45]
248: [78, 45, 79, 80]
249: [434, 349, 45]
250: [435, 80, 436, 437, 45]
251: [164, 290, 70, 42, 31, 438]
252: [264, 439, 440, 441, 31]
253: [85, 442, 31]
254: [356, 322, 324, 0]
255: [322, 443, 324, 0, 444, 445, 446, 21]
256: [0]
257: [0]
258: [0, 1, 20]
259: [36, 37, 10]
260: [5, 6]
261: [447, 6, 448]
262: [115, 114, 449, 116, 10]
263: [31, 123, 314, 80]
264: [124, 10, 125, 116, 271, 272]
265: [97, 116, 10, 128, 129, 361]
266: [450, 451, 18, 8, 452]
267: [6, 7, 453, 208]
268: [43, 68, 5, 6]
269: [338, 339, 0]
270: [454, 322, 0, 455, 456]
271: [34, 457, 6, 30]
272: [458, 0, 459, 460, 461]
273: [462, 463, 464, 246, 18, 120, 465, 466]
274: [467, 468, 10]
275: [469, 407, 470, 471, 406, 358, 144, 0, 404, 403]
276: [472, 473, 474, 475, 144, 0, 406, 358, 404, 403]
277: [470, 476, 477, 144, 0, 406, 358, 404, 403]
278: [144, 0, 316]
279: [0, 478, 13]
280: [0, 322, 479, 323, 480]
281: [481, 18]
282: [18, 481, 17]
283: [222, 18, 191]
284: [481, 18]
285: [481, 18, 51]
286: [55, 53, 482, 483, 484, 485, 486, 487, 488, 489, 54, 490, 491]
287: [10]
288: [288, 31, 45, 42]
289: [174, 319, 10, 272, 116, 124, 271]
290: [53]
291: [31, 376, 492, 493]
292: [56, 70, 58, 59]
293: [198, 196, 197, 0, 203, 201, 1, 200]
294: [198, 196, 144, 316, 0, 494]
295: [321, 495, 144, 0, 496, 497, 480, 498, 499]
296: [495, 144, 324, 0, 479, 1, 480]
297: [324, 0, 500, 501]
298: [502, 70, 11, 503, 2]
299: [0, 495, 144]
300: [0, 444, 504, 404]
301: [0, 505, 506, 507]
302: [0, 444, 506, 508]
303: [509, 42, 53, 18]
304: [76, 85, 31, 45]
305: [53, 54, 55]
306: [495, 144, 0, 358, 510]
307: [6, 43]
308: [43, 68, 511, 6, 512]
309: [513, 514, 515, 0]
310: [77, 80, 516, 31, 312, 313, 314, 315]
311: [440, 517, 518, 519, 520, 70, 521, 31, 522]
312: [53, 70, 31]
313: [70, 53]
314: [70, 53, 288, 298, 31]
315: [70, 18, 523]
316: [70, 524, 525]
317: [70, 526, 288, 31, 527]
318: [288, 31, 45]
319: [293, 223, 342, 31]
320: [160, 18]
321: [70, 2]
322: [69, 18, 70]
323: [70, 18]
324: [193, 70, 194, 195, 528, 31]
325: [529, 107, 42, 31, 10, 45]
326: [106, 107, 10, 530]
327: [163, 47, 531, 107, 45]
328: [298, 42, 288, 70, 284, 32, 532]
329: [6]
330: [86, 45, 87]
331: [222, 18, 191]
332: [31, 376, 492, 493]
333: [80, 349, 45]
334: [42, 66, 31, 45]
335: [230, 6, 229]
336: [66, 80, 31]
337: [533, 18]
338: [267, 268, 10, 31]
339: [534, 535, 536, 115, 122, 116, 10]
340: [537, 116, 10]
341: [6]
342: [19, 538, 539, 70, 540, 541, 542]
343: [379, 10, 271, 272]
344: [0]
345: [351, 80, 45, 543, 352, 355, 544]
346: [545, 546, 63, 352, 547, 45, 67, 548, 549]
347: [352, 351, 550, 80, 45, 355]
348: [349, 551, 80, 45]
349: [156, 42, 45]
350: [354, 352, 552, 80, 45, 351, 47, 553, 544, 355]
351: [377, 42, 45]
352: [377, 42, 45]
353: [434, 377, 349, 45]
354: [80, 45]
355: [80, 45, 351]
356: [45, 47, 292]
357: [45, 554]
358: [232, 145, 0]
359: [555, 107, 31, 556]
360: [557, 453, 6]
361: [6, 229, 230]
362: [47, 112, 107, 31]
363: [45, 558, 559]
364: [46, 45, 31, 560]
365: [81, 70]
366: [561, 18, 31]
367: [74, 0, 20]
368: [74, 0, 30]
369: [38, 562, 10]
370: [18, 8]
371: [18, 8, 563]
372: [116, 10, 37]
373: [10, 564, 116, 37]
374: [10, 38, 37, 564, 36, 562]
375: [132, 10]
376: [565, 322, 324, 0]
377: [322, 324, 0, 566, 567]
378: [0, 402, 568, 1, 29]
379: [174, 319, 124, 10, 116, 125, 272, 180]
380: [6]
381: [74, 0, 338, 339, 569]
382: [322, 144, 324, 0, 358, 1, 445, 199]
383: [322, 443, 324, 0, 444, 445, 446, 21]
384: [144, 0, 402, 403]
385: [0, 570, 571, 495, 322, 144, 324, 479, 358, 572, 1, 323, 445, 501, 199, 480]
386: [0, 402, 1, 20, 29, 568]
387: [0, 1, 20, 29]
388: [70, 2]
389: [70, 116, 335, 336, 337]
390: [573, 0, 574]
391: [267, 268, 10, 31]
392: [495, 144, 0, 575]
393: [495, 0, 499]
394: [322, 323, 10]
395: [144, 0, 576, 34, 577, 510]
396: [131, 53, 10, 324, 116, 18]
397: [578, 10, 256]
398: [70, 10, 180]
399: [579, 481, 18]
400: [42, 85, 88]
401: [53, 18, 10, 45, 31]
402: [580, 581, 582, 70, 31, 583]
403: [584, 70, 526]
404: [156, 42, 45]
405: [585, 45, 80]
406: [207, 206, 586, 6, 587, 588, 589, 590]
407: [207, 206, 6]
408: [434, 349, 45, 80]
409: [591, 67, 45]
410: [163, 107, 66, 47, 67, 300, 45]
411: [288, 46, 31, 45, 592, 171]
412: [70, 163, 166, 180, 42, 53, 87, 31]
413: [85, 42, 88]
414: [90, 85]
415: [91, 85, 42]
416: [2, 0]
417: [495, 322, 144, 0, 479, 1, 480]
418: [322, 324, 0, 454]
419: [144, 0, 402, 593, 1, 594]
420: [144, 0, 1, 198, 196]
421: [145, 0, 146, 1, 20, 29]
422: [145, 0, 146, 29, 28]
423: [595, 6]
424: [596, 35, 6, 597, 43]
425: [0, 1, 20]
426: [0, 1, 20, 339]
427: [0, 598, 13]
428: [511, 43, 6]
429: [5, 44, 6]
430: [205, 6]
431: [205, 6, 43]
432: [447, 6, 448]
433: [229, 30, 599, 68, 6, 600, 601, 7]
434: [217, 6, 218, 219, 43, 220, 221, 602]
435: [6, 603, 604, 605, 447, 606, 607, 608]
436: [131, 53, 10, 116, 18, 151, 340]
437: [7, 6, 448]
438: [212, 229, 6]
439: [609, 610, 5, 6, 44]
440: [611, 68, 6, 612]
441: [70, 18, 171, 159, 160]
442: [10, 613, 116, 437, 131]
443: [454, 322, 0, 455, 456]
444: [34, 205, 6]
445: [34, 614, 615, 6, 616, 617, 618, 214]
446: [34, 616, 217, 43, 6]
447: [619, 620, 6, 621, 605, 511, 622, 43, 623, 624]
448: [208, 6]
449: [208, 7, 6, 448]
450: [32, 42, 31, 284]
451: [31, 625, 42]
452: [228, 37, 10]
453: [18, 246, 462, 120, 465, 463, 466, 464]
454: [115, 114, 449, 116, 10]
455: [131, 10]
456: [128, 116, 10, 97]
457: [246, 462, 18, 120, 465, 463, 466, 464]
458: [70, 286, 283, 56, 293, 280, 167, 165, 31]
459: [10, 45, 529, 31, 42, 107]
460: [267, 268, 10, 31]
461: [45, 10, 529, 265, 31, 42, 107]
462: [462, 18, 246, 120, 465, 463, 466, 464]
463: [364, 626, 45, 365]
464: [627, 628, 629, 45, 47, 630]
465: [308, 286, 287, 53, 281, 42, 298, 164]
466: [308, 301, 53, 31, 631, 632, 32, 633, 634, 298]
467: [156, 352, 349, 432, 283, 433, 45, 163]
468: [434, 349, 45, 80]
469: [481, 18]
470: [160, 18]
471: [97, 116, 129, 10]
472: [198, 196, 144, 197, 0, 1]
473: [42, 45, 265, 635, 31]
474: [97, 138, 139, 10, 636, 141, 140, 31, 266, 637]
475: [96, 10]
476: [96, 10]
477: [140, 139, 97, 138, 10, 636, 141, 31]
478: [97, 139, 638, 10, 141, 138, 140, 31, 636]
479: [95, 31, 10]
480: [265, 31, 266]
481: [74, 0, 20]
482: [639, 6]
483: [118, 10, 116, 37, 36]
484: [457, 34, 6, 30]
485: [83, 640, 641, 642, 70]
486: [643, 6, 453]
487: [644, 645, 446, 70]
488: [38, 10, 8]
489: [205, 6, 43, 646, 647]
490: [205, 6, 208]
491: [35, 6, 214]
492: [6]
493: [6, 648, 649]
494: [650, 651, 10, 272]
495: [43, 6]
496: [70, 18, 171, 159, 160]
497: [10, 31]
498: [144, 0, 652, 33]
499: [653, 50, 654, 655, 656, 388]
500: [0, 402, 568, 1, 20, 29]
501: [84, 76, 85]
502: [86, 85]
503: [86, 50, 85]
504: [86, 50, 85]
505: [86, 50, 85]
506: [50, 45, 653, 657]
507: [88, 42, 85]
508: [88, 85]
509: [88, 85]
510: [88, 85, 42]
511: [76, 84, 658, 85]
512: [76, 659, 85]
513: [18, 51]
514: [196, 0, 1, 357]
515: [196, 0, 1, 357]
516: [595, 6, 660, 661, 662]
517: [0, 1, 357, 20]
518: [205, 6]
519: [206, 6, 587, 207]
520: [586, 6, 7, 663, 453]
521: [557, 6, 453]
522: [664, 205, 6]
523: [661, 35, 34, 229, 6]
524: [0]
525: [380, 381, 385, 383, 665, 31]
526: [223, 666, 224, 293, 667, 80, 31, 342]
527: [644, 446, 70]
528: [53, 55, 54]
529: [85, 31, 45]
530: [54, 53, 668, 669]
531: [0, 232, 670, 671]
532: [31, 672]
533: [673, 31, 674]
534: [321, 322, 0, 358, 323]
535: [356, 0, 20]
536: [495, 144, 0]
537: [495, 144, 0, 1]
538: [495, 144, 0, 1, 480]
539: [322, 324, 0, 565]
540: [144, 0, 402, 1, 594]
541: [144, 0, 402, 403]
542: [39, 41, 42, 31]
543: [5, 43, 44, 6]
544: [404, 0, 675, 504]
545: [292, 163, 45]
546: [6, 7, 620, 208]
547: [85, 31, 45, 76]
548: [676, 677, 678, 31, 679]
549: [594, 0, 144, 1, 402]
550: [207, 206, 586, 6, 587, 588, 589, 590]
551: [207, 206, 6]
552: [207, 206, 6, 587]
553: [184, 173, 176, 183, 171, 31, 192, 180, 680]
554: [681, 682, 76, 683, 45, 85, 31]
555: [684, 46, 31, 685]
556: [686, 43, 687, 6]
557: [76, 85, 31, 45]
558: [76, 50, 45, 85]
559: [76, 45, 31]
560: [288, 31, 45]
561: [0, 33, 13]
562: [132, 10]
563: [688, 216, 45, 689]
564: [85, 31, 45]
565: [690, 691, 692, 693, 694, 695, 696, 697, 698, 699, 700, 701, 702, 703, 704, 705, 706, 707, 708, 709, 710, 711, 712, 713, 714, 715, 716, 717, 718, 6, 719, 720]
566: [5, 6]
567: [5, 6, 553]
568: [553, 5, 6]
569: [721, 348, 347, 722, 723, 724, 45]
570: [80, 725, 351, 352, 665, 45]
571: [80, 42, 31, 66, 314, 726]
572: [85, 76, 659]
573: [558, 45]
574: [727, 10]
575: [31, 45, 63, 163, 728]
576: [161, 10, 70, 18, 131, 160, 729, 159]
577: [45, 31, 42]
578: [45, 730]
579: [45, 288, 31]
580: [529, 31, 42, 10, 45, 107]
581: [53, 731, 10]
582: [732, 256, 10, 257]
583: [311, 733, 734, 107, 109, 10]
584: [47, 112, 107, 31]
585: [10, 735, 108, 233, 107, 106, 31, 263, 109]
586: [256, 736, 737, 10, 738]
587: [45, 529, 42, 265, 635, 10, 31, 107]
588: [45, 31, 529, 107]
589: [163, 739, 45, 531, 107]
590: [163, 283, 352, 303, 304, 740, 741, 31]
591: [434, 45, 349, 80]
592: [348, 722, 347, 742, 45, 723, 721, 724]
593: [551, 348, 724, 45]
594: [743, 744, 45, 733, 745, 746, 747]
595: [311, 748, 131, 97, 254, 109, 10]
596: [255, 311, 748, 749, 290, 109, 10]
597: [255, 750, 751, 752, 753, 254, 97, 754, 109, 755, 738, 10]
598: [731, 10]
599: [156, 352, 349, 432, 283, 433, 163, 45]
600: [756, 45, 107]
601: [180, 757, 758, 759, 286, 283, 760, 165, 761, 31, 109, 738]
602: [180, 732, 255, 256, 254, 762, 763, 764, 765, 737, 736, 766, 767, 768, 769, 31, 770, 738, 771, 257, 10]
603: [772, 773, 774, 775, 167, 163, 31, 776, 777, 778]
604: [409, 153, 408, 411, 413, 154, 412, 156, 414, 45, 155, 410]
605: [256, 779, 747, 780, 738, 10]
606: [56, 58, 293, 286, 781, 59, 31]
607: [782, 783, 68, 605, 0, 784, 600, 229, 785, 786, 787, 788, 6, 789, 790, 791, 792, 793, 230, 794, 795, 796, 797, 798, 26, 799, 599, 30, 800]
608: [783, 801, 68, 802, 605, 803, 5, 804, 229, 785, 805, 806, 788, 6, 789, 790, 807, 808, 809, 810, 811, 812, 4, 813, 798, 814, 599]
609: [595, 6, 43]
610: [0, 33]
611: [0, 506, 508, 504]
612: [5, 4, 6]
613: [6]
614: [341, 815, 0]
615: [290, 164, 31]
616: [88, 85]
617: [76, 85, 659, 816]
618: [380, 383, 385, 31, 665, 381]
619: [10, 8]
620: [817, 83, 818, 70, 819]
621: [356, 0, 20]
622: [0, 402, 568, 1, 20, 29]
623: [0, 444, 404]
624: [0, 1, 196]
625: [0, 478, 13]
626: [31]
627: [820, 821, 822, 80, 31, 823]
628: [291, 386, 824, 825, 826, 827, 31, 828, 169, 829]
629: [269, 830, 831, 832, 833, 834, 835, 836, 837, 838, 839, 840, 841, 10, 842, 843, 272, 844]
630: [830, 32, 845, 826, 846, 847, 10, 848, 849, 850, 272, 851]
631: [852, 70, 32]
632: [264, 295, 292, 166, 163, 32, 31]
633: [168, 10, 125, 386, 116, 387]
634: [168, 10, 125, 116]
635: [169, 521, 440, 853, 519, 854, 855, 856, 211, 857, 858, 386, 859, 59, 584, 860, 861, 862, 291, 31, 863, 425, 864, 865, 866, 867, 868, 869, 387, 170, 870, 871, 829, 581, 872, 873, 874, 875, 876, 877, 583, 878, 879, 880, 45, 300, 881, 882, 288, 883]
636: [184, 171, 173, 174, 176, 178, 31, 264, 63, 183, 180, 47, 761, 189, 45, 192, 46]
637: [10]
638: [159, 70, 18, 160, 171]
639: [32, 31, 294, 42, 275, 278, 295, 63, 282, 284, 884, 885, 886]
640: [379, 10, 271, 272]
641: [56, 70, 59, 58, 32, 31]
642: [301, 283, 352, 156, 303, 740, 741, 887, 45, 31]
643: [46, 31, 264, 47, 170, 888, 290, 169]
644: [223, 666, 293, 224, 31, 80, 889, 890, 342]
645: [288, 31, 45, 300]
646: [43, 209, 210, 6]
647: [156, 352, 349, 432, 283, 433, 45, 163]
648: [628, 630, 629, 45, 47]
649: [47, 891, 45]
650: [892, 893, 894, 895, 896, 31, 425, 897, 898, 899, 900, 901, 902]
651: [782, 783, 68, 605, 0, 784, 600, 229, 785, 786, 787, 788, 6, 789, 790, 791, 792, 793, 230, 794, 795, 796, 797, 798, 26, 799, 599, 30, 800]
652: [68, 903, 0, 600, 229, 785, 787, 904, 789, 905, 793, 230, 794, 906, 798, 799]
653: [356, 0]
654: [0, 4]
655: [10, 38]
656: [338, 339, 0]
657: [345, 70, 2]
658: [144, 0, 402, 1, 594]
659: [0, 1, 20]
660: [0, 1, 20, 29]
661: [0, 907, 13, 908]
662: [0, 11, 341]
663: [217, 6, 219, 43, 909, 220, 221, 602]
664: [6]
665: [6, 910]
666: [7, 6, 448]
667: [43, 911, 912, 217, 615, 6, 913, 914, 219, 616, 909, 220, 221]
668: [43, 6, 211, 35, 212, 213, 214]
669: [6, 43, 68]
670: [10, 915, 168, 116, 125]
671: [231, 116, 10]
672: [551, 46, 31, 45]
673: [42, 31]
674: [22, 0, 11, 23]
675: [644, 446, 70]
676: [119, 51, 18, 120]
677: [124, 10, 116, 125]
678: [97, 116, 10, 916]
679: [10, 38, 118]
680: [267, 268, 10]
681: [132, 10]
682: [917, 918, 919, 324, 920, 0]
683: [145, 0, 232]
684: [0, 232, 670, 671]
685: [115, 114, 122, 449, 116, 10]
686: [124, 125, 10, 116]
687: [124, 271, 10, 125, 116, 272]
688: [70, 642, 921, 922, 923, 924]
689: [271, 379, 272, 10]
690: [142, 2, 143, 70]
691: [321, 322, 0, 358, 925, 926, 927, 928]
692: [0, 29]
693: [6, 929, 930]
694: [110, 111, 31, 113]
695: [358, 0, 892, 678]
696: [46, 31, 171, 47, 170, 888, 931, 169]
697: [42, 276, 32, 70, 274, 275, 277, 278, 279, 280, 281, 282, 283, 284, 285, 31]
698: [292, 281, 163, 165, 31, 53, 70]
699: [264, 439, 440, 441, 31]
700: [327, 319, 836, 116, 10, 125, 272]
701: [70, 31]
702: [169, 856, 584, 861, 291, 425, 932, 170, 70, 829, 581, 933, 880, 934]
703: [10, 915, 116]
704: [32, 31, 45]
705: [438, 164, 31, 935]
706: [47, 891, 45]
707: [31, 45, 265, 42, 10, 529, 267, 107]
708: [85, 42]
709: [163, 290, 63, 46, 47, 112, 31]
710: [903, 0]
711: [46, 45, 31, 186, 171]
712: [271, 272, 124, 10, 116, 125]
713: [53, 144]
714: [505, 936, 937, 938, 939, 0, 940, 941, 942, 506, 943, 507, 944, 945, 946, 947, 948]
715: [659, 85, 76]
716: [86, 50, 85]
717: [659, 76, 85]
718: [949, 884, 885, 886, 950, 45]
719: [45, 551, 163, 67, 351, 352, 80]
720: [321, 322, 0, 358, 323]
721: [564, 10, 37]
722: [144, 0, 402, 1]
723: [564, 10, 37]
724: [116, 118, 10, 37]
725: [116, 36, 10, 37, 134]
726: [31]
727: [10]
728: [10, 31, 42]
729: [136, 10, 951]
730: [42, 76, 45, 156, 77]
731: [495, 144, 0, 510]
732: [322, 0, 444, 445]
733: [0, 570, 571, 321, 495, 322, 144, 324, 479, 358, 572, 1, 323, 445, 501, 199, 480]
734: [0, 1, 952, 20]
735: [0, 1, 506]
736: [70, 290, 164, 280, 31]
737: [288, 526, 70, 527, 31]
738: [356, 0, 20]
739: [0, 33, 29, 341]
740: [0, 13]
741: [0, 13]
742: [953, 0, 12, 954]
743: [118, 116, 10, 37, 36, 228]
744: [322, 324, 0, 454]
745: [0, 33, 13]
746: [0, 13, 12]
747: [0, 11, 341]
748: [0, 30]
749: [38, 10, 955]
750: [36, 10, 37]
751: [18, 464, 463, 462, 466, 120, 246, 465]
752: [956, 957, 0]
753: [958, 933, 70]
754: [53, 54, 55]
755: [959, 10, 951, 136]
756: [97, 138, 10, 139, 141, 636, 140, 31, 96]
757: [76, 84, 85]
758: [6, 960, 961, 962]
759: [617, 43, 6]
760: [31, 45]
761: [963, 620, 964, 6, 965]
762: [419, 45]
763: [545, 966, 967, 968, 45, 969, 547]
764: [970, 6, 971]
765: [972, 973, 70, 31]
766: [18, 70, 974, 171, 159]
767: [975, 102, 976, 131, 977, 978, 263, 979, 109, 10]
768: [578, 980, 0]
769: [254, 981, 257, 738, 10]
770: [74, 0, 1, 20]
771: [8, 18, 245, 126]
772: [85, 31, 442]
773: [603, 31, 527]
774: [790, 230, 782, 982, 858, 983, 6, 984, 985, 795, 599]
775: [144, 0, 405, 406, 358, 404, 407, 403]
776: [0, 33]
777: [74, 0, 20]
778: [36, 10, 37, 116, 118]
779: [293, 223, 986, 31]
780: [144, 0, 402, 1, 594]
781: [0, 505, 506, 507]
782: [85, 76, 31]
783: [380, 383, 31, 385]
784: [264, 180, 31]
785: [987, 988, 145, 0, 989, 990, 991, 992, 993, 994, 995, 996, 997, 998, 999, 1000, 29, 1001]
786: [19, 145, 0, 29]
787: [0, 29]
788: [957, 1002, 0]
789: [5, 44, 6]
790: [275, 166, 1003, 1004, 1005, 298, 163, 294, 45, 87, 728, 31]
791: [1006, 1007, 1008, 747, 733, 1009, 1010, 1011, 1012, 1013, 1014, 1015, 1016, 1017, 1018, 1019, 31, 1020, 1021, 1022, 1023, 1024, 1025, 1026, 1027, 1028, 1029, 1030, 1031, 744, 1032, 1033, 1034, 1035, 1036, 1037, 1038, 1039]
792: [31, 275, 294, 278, 282, 284, 1040, 42, 298, 180, 32]
793: [63, 163, 45, 31, 761, 180, 165]
794: [1041, 1042, 1043, 104, 113, 10, 727, 1044, 109, 1045]
795: [260, 53, 1046, 18, 10, 31, 109, 45, 258, 261, 262, 1047, 1048, 1049, 1050, 1051, 1052, 263]
796: [116, 37, 10]
797: [86, 50, 85]
798: [85, 31, 45]
799: [47, 45, 1053, 739]
800: [50, 388]
801: [578, 980, 0]
802: [322, 0, 444, 445]
803: [595, 6, 1054]
804: [595, 6, 661, 662, 660]
805: [1055, 43, 6]
806: [229, 6, 230]
807: [43, 213, 1056, 1057, 1058, 6]
808: [930, 648, 813, 1059, 599, 6]
809: [1060, 217, 218, 6]
810: [1060, 6, 43, 1061, 221, 617, 1062, 1063]
811: [6]
812: [358, 1064, 1065, 495, 0, 66]
813: [205, 43, 6]
814: [783, 801, 68, 802, 605, 803, 5, 804, 229, 785, 805, 806, 788, 6, 789, 790, 807, 808, 809, 810, 811, 812, 4, 813, 798, 814, 599]
815: [639, 1066, 6, 5, 1067, 808, 599]
816: [269, 270, 10, 1068, 840, 1069, 1070, 842]
817: [1071, 300, 739, 45]
818: [321, 322, 0, 358, 323]
819: [68, 903, 0, 600, 229, 785, 787, 904, 789, 905, 793, 230, 794, 906, 798, 799]
820: [68, 6, 1072]
821: [356, 0]
822: [1073, 1074, 31, 1075, 1076, 521]
823: [322, 324, 0, 1077]
824: [595, 1078, 1079, 6, 1080, 1081, 43, 1082]
825: [595, 43, 6]
826: [0, 1083, 322, 144, 324, 402, 1, 567, 578, 506, 598, 13, 23, 1084, 908, 29]
827: [0, 1, 20]
828: [0, 1085, 1086, 1087, 1088, 26, 1089]
829: [511, 623, 43, 6]
830: [38, 562, 10, 136]
831: [5, 6, 553]
832: [5, 553, 6]
833: [959, 10, 951]
834: [229, 6, 230]
835: [31, 1090]
836: [31, 32]
837: [6]
838: [6]
839: [973, 972, 70]
840: [521, 31]
841: [1091, 0, 1092, 1093, 1094, 1095]
842: [208, 7, 43, 6, 453, 1096, 205, 1097, 1098, 620]
843: [0, 146, 28, 147, 148]
844: [38, 10]
845: [32, 31]
846: [96, 10]
847: [506, 357, 0, 1]
848: [124, 1099, 10]
849: [84, 76, 85]
850: [88, 85, 42]
851: [85, 91, 45]
852: [50, 45, 388, 653]
853: [0, 13]
854: [128, 10, 116, 97]
855: [1100, 97, 10]
856: [45, 31, 66, 42]
857: [45, 31, 66, 42]
858: [74, 0, 20]
859: [0, 444, 506, 454]
860: [0, 1101, 20, 1102]
861: [0, 33, 29]
862: [380, 383, 31]
863: [6, 7, 43, 620, 453, 208]
864: [507, 0, 341]
865: [131, 53, 151, 340, 1103, 1104, 10, 116, 18]
866: [85, 42]
867: [50, 653, 388]
868: [76, 45, 85, 31]
869: [74, 0, 20]
870: [322, 324, 0]
871: [22, 0, 20, 23]
872: [0, 1, 20, 29]
873: [0, 1, 20, 29]
874: [0, 1105, 567]
875: [0, 13]
876: [3, 0, 341, 1106]
877: [653, 1107, 1108, 50, 1109, 388]
878: [144, 0, 404, 405, 406, 358]
879: [0, 444, 506, 404]
880: [594, 144, 0, 402, 1]
881: [356, 1110, 0, 1111, 20]
882: [144, 0, 1, 594]
883: [145, 0, 29, 146]
884: [0, 146, 1112, 148]
885: [0, 33]
886: [0, 33, 341]
887: [0, 3, 341]
888: [1113, 35, 1114, 1115, 1116, 6, 1117]
889: [53, 18, 10, 45, 31]
890: [84, 76, 85]
891: [86, 50, 1118, 85]
892: [85]
893: [85, 76, 31]
894: [50, 45, 653, 657, 1119]
895: [48, 50, 1120]
896: [138, 97, 139, 141, 140, 10, 636]
897: [95, 31, 10]
898: [95, 10, 31, 1121]
899: [1122, 0, 26]
900: [457, 34, 6, 1123, 30]
901: [356, 0, 20]
902: [643, 6, 453]
903: [5, 43, 609, 44, 6]
904: [35, 6, 214]
905: [1055, 43, 6]
906: [6]
907: [6]
908: [6, 7, 453, 208]
909: [7, 6, 448]
910: [10, 468, 1124, 415, 416, 417, 467, 116]
911: [1072, 6]
912: [34, 457, 6, 1125, 30]
913: [1071, 45, 31, 291, 560, 1011, 1013, 1126, 1127]
914: [164, 290, 1128, 70, 42, 31]
915: [899, 31, 1129, 1130, 1131]
916: [85, 76]
917: [7, 6, 620, 208]
918: [207, 206, 6]
919: [684, 46, 31, 1132]
920: [2, 1133, 0, 506, 357, 1134]
921: [0, 444, 404, 506]
922: [1118, 85, 88, 1135]
923: [85, 1118]
924: [42, 10]
925: [6]
926: [6]
927: [45, 47]
928: [743, 1136, 1137, 47, 45, 164, 1138]
929: [32, 31]
930: [85, 76]
931: [50, 88, 91]